[cancel.jpg]
filters=dir_tint=1,0.546667,0.986667,0.929825,0.485380,ff8c9aff,0;glow2=1,0.650000,3.000000;
moddate=0977c97b5de6d601
width=225
height=225
textactive=0
